tree
version=v4
num_class=1
num_tree_per_iteration=1
label_index=0
max_feature_idx=3
objective=binary sigmoid:1
feature_names=session_month past_impressions_count is_in_wishlist global_available_copies
feature_infos=none none none [2:36]
tree_sizes=842 866 868 861 873 868 868 867 871 870 869 876 870 870 873 872 871 874 878 870 872 876 877 874 877 877 875 877 878 878 882 880 880 879 877 877 881 877 878 881 880 881 881 884 884 881 885 877 880 882

Tree=0
num_leaves=7
num_cat=0
split_feature=3 3 3 3 3 3
split_gain=1.80111 3.72463 2.03774 0.999772 1.29348 0.660388
threshold=8.5000000000000018 11.000000000000002 2.5000000000000004 29.000000000000004 27.500000000000004 17.500000000000004
decision_type=2 2 2 2 2 2
left_child=2 -2 -1 4 5 -3
right_child=1 3 -4 -5 -6 -7
leaf_value=-1.9596917409114445 -1.9192604757563914 -2.0436643685411693 -2.0809855363766023 -2.0809855363766023 -1.9192604757563918 -2.0130610109161138
leaf_weight=0.41222223639488342 0.92750003188848396 2.6794445365667308 2.1641667410731316 0.72138891369104463 0.30916667729616154 5.1527779549360275
leaf_count=4 9 26 21 7 3 50
internal_value=-2.02438 -2.01459 -2.06158 -2.02457 -2.01957 -2.02353
internal_weight=12.3667 9.79028 2.57639 8.86278 8.14139 7.83222
internal_count=120 95 25 86 79 76
is_linear=0
shrinkage=1


Tree=1
num_leaves=7
num_cat=0
split_feature=3 3 3 3 3 3
split_gain=1.66204 3.06942 1.88371 0.940921 1.06888 0.599511
threshold=8.5000000000000018 11.000000000000002 2.5000000000000004 29.000000000000004 27.500000000000004 17.500000000000004
decision_type=2 2 2 2 2 2
left_child=2 -2 -1 4 5 -3
right_child=1 3 -4 -5 -6 -7
leaf_value=0.058430416595055767 0.092041422010352772 -0.01859921016212893 -0.056240359349158858 -0.056240359349158733 0.092041422010352536 0.010659481718745407
leaf_weight=0.43299224972725037 1.0041693672537793 2.6400240957736933 2.0715843066573143 0.69052810221910554 0.33472312241792668 5.197625607252121
leaf_count=4 9 26 21 7 3 50
internal_value=-4.0987e-05 0.00919216 -0.036416 -0.000194691 0.00454091 0.000804021
internal_weight=12.3716 9.86707 2.50458 8.8629 8.17237 7.83765
internal_count=120 95 25 86 79 76
is_linear=0
shrinkage=0.05


Tree=2
num_leaves=7
num_cat=0
split_feature=3 3 3 3 3 3
split_gain=1.53479 2.68484 1.95504 3.15862 1.74941 0.675132
threshold=8.5000000000000018 14.500000000000002 17.500000000000004 18.500000000000004 2.5000000000000004 22.500000000000004
decision_type=2 2 2 2 2 2
left_child=4 -2 -3 -4 -1 -5
right_child=1 2 3 5 -6 -7
leaf_value=0.053077406461923063 0.057735581925935066 -0.056358288390697675 0.086376963824236985 -0.031640447358660832 -0.055899084816516537 0.0053980571539894951
leaf_weight=0.45229873061180237 2.17531470954418 1.5013639256358144 1.048016622662544 1.9912315830588339 1.9822777211666105 3.2196989804506302
leaf_count=4 20 15 10 19 21 31
internal_value=-7.44331e-05 0.00864363 -0.00511747 0.00717391 -0.0356533 -0.00875532
internal_weight=12.3702 9.93563 7.76031 6.25895 2.43458 5.21093
internal_count=120 95 75 60 25 50
is_linear=0
shrinkage=0.05


Tree=3
num_leaves=7
num_cat=0
split_feature=3 3 3 3 3 3
split_gain=1.41678 2.31336 1.8428 2.66658 1.63103 0.688401
threshold=8.5000000000000018 14.500000000000002 17.500000000000004 18.500000000000004 2.5000000000000004 29.000000000000004
decision_type=2 2 2 2 2 2
left_child=4 -2 -3 -4 -1 -5
right_child=1 2 3 5 -6 -7
leaf_value=0.048446386106876849 0.052486796500020819 -0.05600985899881572 0.076756750761290876 -0.0013886999986771195 -0.055578381483554373 -0.055931013137360611
leaf_weight=0.47026717662811401 2.2705987915396673 1.4368006959557531 1.118432283401489 4.5129932388663292 1.8962058350443838 0.66357743740081776
leaf_count=4 20 15 10 43 21 7
internal_value=-0.00011629 0.00811474 -0.004916 0.0067459 -0.0349065 -0.0083804
internal_weight=12.3689 10.0024 7.7318 6.295 2.36647 5.17657
internal_count=120 95 75 60 25 50
is_linear=0
shrinkage=0.05


Tree=4
num_leaves=7
num_cat=0
split_feature=3 3 3 3 3 3
split_gain=1.30862 2.05306 1.52571 0.829358 0.900816 0.576289
threshold=8.5000000000000018 11.000000000000002 2.5000000000000004 29.000000000000004 27.500000000000004 26.500000000000004
decision_type=2 2 2 2 2 2
left_child=2 -2 -1 4 5 -3
right_child=1 3 -4 -5 -6 -7
leaf_value=0.044400414238591611 0.070142867093120662 0.0033789024388649856 -0.055276798418982531 -0.055608394259356146 0.081144782506853516 -0.056777653800910682
leaf_weight=0.48700889945030335 1.1616821587085713 7.4840624555945361 1.8133184239268301 0.63478370010852891 0.35914351791143406 0.42048880457878102
leaf_count=4 9 72 21 7 3 4
internal_value=-0.000151325 0.00762817 -0.0341738 -0.000533027 0.00369764 0.000178827
internal_weight=12.3605 10.0602 2.30033 8.89848 8.26369 7.90455
internal_count=120 95 25 86 79 76
is_linear=0
shrinkage=0.05


Tree=5
num_leaves=7
num_cat=0
split_feature=3 3 3 3 3 3
split_gain=1.20993 1.81268 1.74816 2.24778 1.43128 0.66225
threshold=8.5000000000000018 14.500000000000002 17.500000000000004 18.500000000000004 2.5000000000000004 22.500000000000004
decision_type=2 2 2 2 2 2
left_child=4 -2 -3 -4 -1 -5
right_child=1 2 3 5 -6 -7
leaf_value=0.040835636295200636 0.044934777524061123 -0.055701734043113862 0.068479074064210582 -0.030867023523981758 -0.054993028252792314 0.006158365581362811
leaf_weight=0.50262326002121094 2.4196138530969602 1.3782586902379987 1.1862146854400633 1.9465635567903516 1.7335571274161337 3.1818021759390831
leaf_count=4 20 15 10 19 21 31
internal_value=-0.000171213 0.0071886 -0.00468363 0.00645189 -0.0334537 -0.00789529
internal_weight=12.3486 10.1125 7.69284 6.31458 2.23618 5.12837
internal_count=120 95 75 60 25 50
is_linear=0
shrinkage=0.05


Tree=6
num_leaves=7
num_cat=0
split_feature=3 3 3 3 3 3
split_gain=1.11832 1.584 1.34603 0.783552 0.75526 0.544332
threshold=8.5000000000000018 11.000000000000002 2.5000000000000004 29.000000000000004 27.500000000000004 26.500000000000004
decision_type=2 2 2 2 2 2
left_child=2 -2 -1 4 5 -3
right_child=1 3 -4 -5 -6 -7
leaf_value=0.037671821612765666 0.059325461385394518 0.0031020733880585045 -0.054725858290826601 -0.055337803348347869 0.072026475872806375 -0.056443109225506584
leaf_weight=0.51719951629638794 1.2562716007232655 7.5064460486173594 1.6568571701645849 0.61007993668317873 0.38215054571628559 0.4044862389564513
leaf_count=4 9 72 21 7 3 4
internal_value=-0.000197887 0.00676696 -0.0327448 -0.000649257 0.0033739 5.75262e-05
internal_weight=12.3335 10.1594 2.17406 8.90316 8.29308 7.91093
internal_count=120 95 25 86 79 76
is_linear=0
shrinkage=0.05


Tree=7
num_leaves=7
num_cat=0
split_feature=3 3 3 3 3 3
split_gain=1.0345 1.43786 1.65906 1.90831 1.26861 0.628775
threshold=8.5000000000000018 14.500000000000002 17.500000000000004 18.500000000000004 2.5000000000000004 22.500000000000004
decision_type=2 2 2 2 2 2
left_child=4 -2 -3 -4 -1 -5
right_child=1 2 3 5 -6 -7
leaf_value=0.034845937691240808 0.038896714230594764 -0.055409576290881647 0.06156726649615625 -0.030131736506434151 -0.054474186603842539 0.0061987397004764459
leaf_weight=0.53081810474395874 2.5505474135279638 1.3214622437953947 1.2486209720373151 1.9053331986069677 1.5831484571099279 3.1763782650232315
leaf_count=4 20 15 10 19 21 31
internal_value=-0.0002115 0.00638471 -0.00445241 0.00618494 -0.0320459 -0.00742298
internal_weight=12.3163 10.2023 7.65179 6.33033 2.11397 5.08171
internal_count=120 95 75 60 25 50
is_linear=0
shrinkage=0.05


Tree=8
num_leaves=7
num_cat=0
split_feature=3 3 3 3 3 3
split_gain=0.956576 1.26172 1.56622 1.64814 1.19793 0.610741
threshold=8.5000000000000018 14.500000000000002 17.500000000000004 18.500000000000004 2.5000000000000004 29.000000000000004
decision_type=2 2 2 2 2 2
left_child=4 -2 -3 -4 -1 -5
right_child=1 2 3 5 -6 -7
leaf_value=0.032307738026506098 0.035951005106220991 -0.05511798835352321 0.055958114750547253 -0.00080154041118450723 -0.054236977417346767 -0.055081850203278729
leaf_weight=0.54355198144912842 2.6196879073977453 1.2634953483939169 1.3035850226879118 4.4664271548390388 1.512357138097286 0.5862363502383231
leaf_count=4 20 15 10 43 21 7
internal_value=-0.000231836 0.00601735 -0.00427392 0.00583287 -0.0313558 -0.00709942
internal_weight=12.2953 10.2394 7.61974 6.35625 2.05591 5.05266
internal_count=120 95 75 60 25 50
is_linear=0
shrinkage=0.05


Tree=9
num_leaves=7
num_cat=0
split_feature=3 3 3 3 3 3
split_gain=0.884692 1.13311 1.13137 0.696846 0.645393 0.508746
threshold=8.5000000000000018 2.5000000000000004 11.000000000000002 29.000000000000004 27.500000000000004 26.500000000000004
decision_type=2 2 2 2 2 2
left_child=1 -1 -2 4 5 -4
right_child=2 -3 3 -5 -6 -7
leaf_value=0.030016666673820264 0.04797589205923735 -0.054013293170089238 0.0025296946682531103 -0.054809497420619649 0.0645080413861263 -0.056122471351702452
leaf_weight=0.55546736717224199 1.3698866218328465 1.4444054514169691 7.5484420359134639 0.56034608185291368 0.4031301587820052 0.38876137137413014
leaf_count=4 9 21 72 7 3 4
internal_value=-0.000248763 -0.0306739 0.00567558 -0.000834784 0.00279151 -0.000343067
internal_weight=12.2704 1.99987 10.2706 8.90068 8.34033 7.9372
internal_count=120 25 95 86 79 76
is_linear=0
shrinkage=0.05


Tree=10
num_leaves=7
num_cat=0
split_feature=3 3 3 3 3 3
split_gain=0.818619 1.07342 1.01346 1.48724 1.4145 0.61244
threshold=8.5000000000000018 2.5000000000000004 14.500000000000002 17.500000000000004 18.500000000000004 22.500000000000004
decision_type=2 2 2 2 2 2
left_child=1 -1 -2 -4 -5 -6
right_child=2 -3 3 4 5 -7
leaf_value=0.027939578550582347 0.031493217568319319 -0.053802270585261713 -0.054855792720567897 0.050896603895263771 -0.029367881767363598 0.0068062457398083412
leaf_weight=0.56662464141845781 2.7279374152421934 1.3792136013507841 1.210253946483135 1.3567975163459776 1.8637598380446432 3.1435860171914101
leaf_count=4 20 21 15 10 19 31
internal_value=-0.000255855 -0.0299992 0.00536187 -0.00404939 0.00561234 -0.00665795
internal_weight=12.2482 1.94584 10.3023 7.5744 6.36414 5.00735
internal_count=120 25 95 75 60 50
is_linear=0
shrinkage=0.05


Tree=11
num_leaves=7
num_cat=0
split_feature=3 3 3 3 3 3
split_gain=0.757156 1.01824 0.902943 0.661156 0.547582 0.482664
threshold=8.5000000000000018 2.5000000000000004 11.000000000000002 29.000000000000004 27.500000000000004 26.500000000000004
decision_type=2 2 2 2 2 2
left_child=1 -1 -2 4 5 -4
right_child=2 -3 3 -5 -6 -7
leaf_value=0.026049124514874518 0.04181545787485675 -0.053603110516596164 0.0023647283435925029 -0.054584080975140073 0.058014605531199963 -0.055827858579413893
leaf_weight=0.57707875967025835 1.4382873773574818 1.3166999146342275 7.5532955974340403 0.53850338608026582 0.42286947369575489 0.37397018074989308
leaf_count=4 9 21 72 7 3 4
internal_value=-0.000268539 -0.0293312 0.00506105 -0.000886251 0.00257674 -0.000380517
internal_weight=12.2207 1.89378 10.3269 8.88864 8.35014 7.92727
internal_count=120 25 95 86 79 76
is_linear=0
shrinkage=0.05


Tree=12
num_leaves=7
num_cat=0
split_feature=3 3 3 3 3 3
split_gain=0.700588 0.967052 0.819342 1.41259 1.21857 0.579116
threshold=8.5000000000000018 2.5000000000000004 14.500000000000002 17.500000000000004 18.500000000000004 22.500000000000004
decision_type=2 2 2 2 2 2
left_child=1 -1 -2 -4 -5 -6
right_child=2 -3 3 4 5 -7
leaf_value=0.024322507430520182 0.02775342819580684 -0.053415056804582896 -0.054607482628362403 0.046498867369582142 -0.028630197412629024 0.0067900059669519022
leaf_weight=0.58688014745712358 2.8236723318696004 1.2567817009985445 1.1588324233889578 1.4060077071189878 1.824809744954109 3.1391832828521729
leaf_count=4 20 21 15 10 19 31
internal_value=-0.000272448 -0.0286694 0.00478472 -0.00382964 0.00540788 -0.00623079
internal_weight=12.1962 1.84366 10.3525 7.52883 6.37 4.96399
internal_count=120 25 95 75 60 50
is_linear=0
shrinkage=0.05


Tree=13
num_leaves=7
num_cat=0
split_feature=3 3 3 3 3 3
split_gain=0.647929 0.91943 0.755449 0.599241 0.500816 1.14967
threshold=8.5000000000000018 2.5000000000000004 29.000000000000004 11.000000000000002 17.500000000000004 14.500000000000002
decision_type=2 2 2 2 2 2
left_child=1 -1 3 -2 5 -5
right_child=2 -3 -4 4 -6 -7
leaf_value=0.022740575952354222 0.036727101271966808 -0.053237430132615907 -0.05437014198796028 0.014082022731701671 0.010350811784835006 -0.054362623343865601
leaf_weight=0.59607505798339921 1.4984844624996156 1.1993756443262098 0.51741953194141466 1.3760798573493942 5.8715723976492882 1.1071548610925672
leaf_count=4 9 21 7 11 53 15
internal_value=-0.000281772 -0.0280133 0.00451931 0.00761174 0.00238972 -0.0164342
internal_weight=12.1662 1.79545 10.3707 9.85329 8.35481 2.48323
internal_count=120 25 95 88 79 26
is_linear=0
shrinkage=0.05


Tree=14
num_leaves=7
num_cat=0
split_feature=3 3 3 3 3 3
split_gain=0.599277 0.874995 0.708195 0.526181 0.456335 0.461516
threshold=8.5000000000000018 2.5000000000000004 29.000000000000004 11.000000000000002 27.500000000000004 26.500000000000004
decision_type=2 2 2 2 2 2
left_child=1 -1 3 -2 5 -5
right_child=2 -3 -4 4 -6 -7
leaf_value=0.021287105193174536 0.034146607083634005 -0.053069583314961546 -0.054138882797747735 0.0021364371119424858 0.051582024834463426 -0.055606700839371664
leaf_weight=0.60470569133758623 1.5302848666906328 1.1443985067307947 0.49423392117023546 7.5568973496556264 0.4440287947654723 0.3626461625099181
leaf_count=4 9 21 7 72 3 4
internal_value=-0.000286752 -0.0273628 0.00427219 0.00719004 0.00225779 -0.000507696
internal_weight=12.1372 1.7491 10.3881 9.89386 8.36357 7.91954
internal_count=120 25 95 88 79 76
is_linear=0
shrinkage=0.05


Tree=15
num_leaves=7
num_cat=0
split_feature=3 3 3 3 3 3
split_gain=0.565099 0.653643 0.833428 0.463066 0.453632 1.08845
threshold=29.000000000000004 8.5000000000000018 2.5000000000000004 11.000000000000002 17.500000000000004 14.500000000000002
decision_type=2 2 2 2 2 2
left_child=1 2 -1 -3 5 -5
right_child=-2 3 -4 4 -6 -7
leaf_value=0.019948229862764941 -0.053920763712495767 0.0318089924134606 -0.052910928376914627 0.013115660075318381 0.0096235268249558852 -0.054140631073762928
leaf_weight=0.61281114816665549 0.47198348492384035 1.5598143786191929 1.0917672067880628 1.3918997347354873 5.9230893850326538 1.0594514384865759
leaf_count=4 7 9 21 11 53 15
internal_value=-0.000287196 0.00188778 -0.0267174 0.00679603 0.00213714 -0.0159519
internal_weight=12.1108 11.6388 1.70458 9.93425 8.37444 2.45135
internal_count=120 113 25 88 79 26
is_linear=0
shrinkage=0.05


Tree=16
num_leaves=7
num_cat=0
split_feature=3 3 3 3 3 3
split_gain=0.534425 0.601837 0.794449 0.408497 0.412184 1.03305
threshold=29.000000000000004 8.5000000000000018 2.5000000000000004 11.000000000000002 17.500000000000004 14.500000000000002
decision_type=2 2 2 2 2 2
left_child=1 2 -1 -3 5 -5
right_child=-2 3 -4 4 -6 -7
leaf_value=0.018712072034301721 -0.053714953592808791 0.029682316288580809 -0.052760911832283923 0.012342836138516779 0.009076824694694733 -0.053922415054824049
leaf_weight=0.62042719125747581 0.45064131170511323 1.5872576683759678 1.0413993671536443 1.4047573804855331 5.9647451713681221 1.0117566213011739
leaf_count=4 7 9 21 11 53 15
internal_value=-0.000290135 0.00177992 -0.0260772 0.0064239 0.00201918 -0.0154014
internal_weight=12.081 11.6303 1.66183 9.96852 8.38126 2.41651
internal_count=120 113 25 88 79 26
is_linear=0
shrinkage=0.05


Tree=17
num_leaves=7
num_cat=0
split_feature=3 3 3 3 3 3
split_gain=0.505578 0.554138 0.757818 0.361057 0.380568 0.441516
threshold=29.000000000000004 8.5000000000000018 2.5000000000000004 11.000000000000002 27.500000000000004 26.500000000000004
decision_type=2 2 2 2 2 2
left_child=1 2 -1 -3 5 -5
right_child=-2 3 -4 4 -6 -7
leaf_value=0.017568332367602701 -0.053520669130662515 0.027740165057650881 -0.052619020594931024 0.0018756040811958978 0.045916187855676444 -0.055403549099968433
leaf_weight=0.62758690118789562 0.43017999455332834 1.6127825081348408 0.9932134710252285 7.5709585696458799 0.46407119929790486 0.3520739972591399
leaf_count=4 7 9 21 72 3 4
internal_value=-0.000291977 0.00167847 -0.0254419 0.00607419 0.00190797 -0.000669697
internal_weight=12.0509 11.6207 1.6208 9.99989 8.3871 7.92303
internal_count=120 113 25 88 79 76
is_linear=0
shrinkage=0.05


Tree=18
num_leaves=7
num_cat=0
split_feature=3 3 3 3 3 3
split_gain=0.478479 0.510273 0.723321 0.320521 1.28883 0.795816
threshold=29.000000000000004 8.5000000000000018 2.5000000000000004 14.500000000000002 17.500000000000004 18.500000000000004
decision_type=2 2 2 2 2 2
left_child=1 2 -1 -3 -5 -6
right_child=-2 3 -4 4 5 -7
leaf_value=0.01650807539876625 -0.053337196250213895 0.019251937185532069 -0.052484774071463007 -0.053723488118923336 0.040277277823289159 -0.0019488505327430916
leaf_weight=0.63432079553604015 0.41057189181447107 3.0553012341260892 0.94712940976023674 0.96757058054208744 1.4806479215621946 4.5283789560198784
leaf_count=4 7 20 21 15 10 43
internal_value=-0.000289978 0.00158542 -0.0248117 0.00574672 -0.000167694 0.00845583
internal_weight=12.0239 11.6133 1.58145 10.0319 6.9766 6.00903
internal_count=120 113 25 88 68 53
is_linear=0
shrinkage=0.05


Tree=19
num_leaves=7
num_cat=0
split_feature=3 3 3 3 3 3
split_gain=0.452869 0.469708 0.690773 0.295024 0.346439 0.919486
threshold=29.000000000000004 8.5000000000000018 2.5000000000000004 11.000000000000002 17.500000000000004 14.500000000000002
decision_type=2 2 2 2 2 2
left_child=1 2 -1 -3 5 -5
right_child=-2 3 -4 4 -6 -7
leaf_value=0.01552348759447883 -0.053163860790337969 0.024744759280523707 -0.052357722436280209 0.010404748198525089 0.0079846317511579924 -0.053528725140181456
leaf_weight=0.6406569480895985 0.3917892053723343 1.6529637426137913 0.90306832641363144 1.4378228485584243 6.0406048819422722 0.923645719885826
leaf_count=4 7 9 21 11 53 15
internal_value=-0.00029303 0.00149287 -0.0241865 0.00543537 0.00163657 -0.0146017
internal_weight=11.9906 11.5988 1.54373 10.055 8.40207 2.36147
internal_count=120 113 25 88 79 26
is_linear=0
shrinkage=0.05


Tree=20
num_leaves=7
num_cat=0
split_feature=3 3 3 3 3 3
split_gain=0.428784 0.432381 0.66001 0.272194 0.479194 0.37176
threshold=29.000000000000004 8.5000000000000018 2.5000000000000004 27.500000000000004 26.500000000000004 23.500000000000004
decision_type=2 2 2 2 2 2
left_child=1 2 -1 4 5 -3
right_child=-2 3 -4 -5 -6 -7
leaf_value=0.014607705926723375 -0.053000049390935569 0.0017410976153908301 -0.052237454241170045 0.04192835968213434 -0.055143267629248753 0.032550426556854022
leaf_weight=0.64662140607833751 0.3738041892647751 8.1489890106022305 0.86095300689339638 0.4789965748786934 0.33828598260879594 1.1128356307744969
leaf_count=4 7 71 21 3 4 10
internal_value=-0.000292561 0.00140786 -0.0235666 0.00514339 0.00330801 0.00544293
internal_weight=11.9605 11.5867 1.50757 10.0791 9.60011 9.26182
internal_count=120 113 25 88 85 81
is_linear=0
shrinkage=0.05


Tree=21
num_leaves=7
num_cat=0
split_feature=3 3 3 3 3 3
split_gain=0.406099 0.397915 0.630888 0.267035 0.305993 0.925172
threshold=29.000000000000004 8.5000000000000018 2.5000000000000004 11.000000000000002 22.500000000000004 20.500000000000004
decision_type=2 2 2 2 2 2
left_child=1 2 -1 -3 5 -5
right_child=-2 3 -4 4 -6 -7
leaf_value=0.013754668276500693 -0.052845192002167286 0.023097194186715225 -0.052123576874015622 0.0026409411087872608 0.014994941916588282 -0.056104398449057929
leaf_weight=0.65223830938339122 0.35658920183777887 1.6754533946514119 0.82070787996053696 4.927543316036461 2.7344564497470856 0.77572715282440174
leaf_count=4 7 9 21 47 24 8
internal_value=-0.000289549 0.00132797 -0.0229519 0.00486424 0.00124378 -0.00534927
internal_weight=11.9427 11.5861 1.47295 10.1132 8.43773 5.70327
internal_count=120 113 25 88 79 55
is_linear=0
shrinkage=0.05


Tree=22
num_leaves=7
num_cat=0
split_feature=3 3 3 3 3 3
split_gain=0.384686 0.366148 0.603276 0.240944 1.12942 0.701038
threshold=29.000000000000004 8.5000000000000018 2.5000000000000004 14.500000000000002 17.500000000000004 18.500000000000004
decision_type=2 2 2 2 2 2
left_child=1 2 -1 -3 -5 -6
right_child=-2 3 -4 4 5 -7
leaf_value=0.012959008470543916 -0.052698738512704728 0.016090180939139647 -0.052015723037720424 -0.05335949308627428 0.036372840296054441 -0.0027178076693522429
leaf_weight=0.6575300097465504 0.34011696651578027 3.1474969685077649 0.78225933015346527 0.88493568822741497 1.5306314826011655 4.5751959681510925
leaf_count=4 7 20 21 15 10 43
internal_value=-0.000287762 0.00125186 -0.0223427 0.00460266 -0.000569438 0.00708158
internal_weight=11.9182 11.578 1.43979 10.1383 6.99076 6.10583
internal_count=120 113 25 88 68 53
is_linear=0
shrinkage=0.05


Tree=23
num_leaves=7
num_cat=0
split_feature=3 3 3 3 3 3
split_gain=0.364452 0.336836 0.577062 0.234518 0.448107 0.318444
threshold=29.000000000000004 8.5000000000000018 2.5000000000000004 27.500000000000004 26.500000000000004 23.500000000000004
decision_type=2 2 2 2 2 2
left_child=1 2 -1 4 5 -3
right_child=-2 3 -4 -5 -6 -7
leaf_value=0.012215946227834285 -0.052560197727210871 0.0011883061876870032 -0.051913553670426937 0.037936012247580524 -0.05492744968785112 0.029283880169705741
leaf_weight=0.66251713037490734 0.32436049357056695 8.1812464930117077 0.74553554132580757 0.49462647736072618 0.3266431391239174 1.150362342596053
leaf_count=4 7 71 21 3 4 10
internal_value=-0.000288356 0.00117821 -0.0217393 0.00435654 0.00263684 0.00465181
internal_weight=11.8853 11.5609 1.40805 10.1529 9.65825 9.33161
internal_count=120 113 25 88 85 81
is_linear=0
shrinkage=0.05


Tree=24
num_leaves=7
num_cat=0
split_feature=3 3 3 3 3 3
split_gain=0.345401 0.309821 0.552141 0.22417 0.277464 0.819391
threshold=29.000000000000004 8.5000000000000018 2.5000000000000004 11.000000000000002 17.500000000000004 14.500000000000002
decision_type=2 2 2 2 2 2
left_child=1 2 -1 -3 5 -5
right_child=-2 3 -4 4 -6 -7
leaf_value=0.011521217872630322 -0.052429108204943203 0.020638898756363475 -0.051816747456021654 0.0085924154772420002 0.0063388818078885982 -0.053188718994888362
leaf_weight=0.66721898317336925 0.30929321050643999 1.7094662189483631 0.71046680957078934 1.4698263257741913 6.1562072485685349 0.84535354748368252
leaf_count=4 7 9 21 11 53 15
internal_value=-0.000284114 0.00111123 -0.0211419 0.00412255 0.000789665 -0.013966
internal_weight=11.8678 11.5585 1.37769 10.1809 8.47139 2.31518
internal_count=120 113 25 88 79 26
is_linear=0
shrinkage=0.05


Tree=25
num_leaves=7
num_cat=0
split_feature=3 3 3 3 3 3
split_gain=0.327394 0.284928 0.528423 0.203815 0.421193 0.275482
threshold=29.000000000000004 8.5000000000000018 2.5000000000000004 27.500000000000004 26.500000000000004 23.500000000000004
decision_type=2 2 2 2 2 2
left_child=1 2 -1 4 5 -3
right_child=-2 3 -4 -5 -6 -7
leaf_value=0.010870990606181461 -0.052305037775957575 0.00094010968592584451 -0.051725009995770503 0.034794656442144668 -0.054693758357138217 0.026773355047610206
leaf_weight=0.67165338993072399 0.29488906636834222 8.1937347836792416 0.67698530852794647 0.50740644335746843 0.3138160705566414 1.1806952953338612
leaf_count=4 7 71 21 3 4 10
internal_value=-0.000281631 0.00104726 -0.0205507 0.00390416 0.00228632 0.00419377
internal_weight=11.8392 11.5443 1.34864 10.1957 9.68825 9.37443
internal_count=120 113 25 88 85 81
is_linear=0
shrinkage=0.05


Tree=26
num_leaves=7
num_cat=0
split_feature=3 3 3 3 3 3
split_gain=0.310401 0.261959 0.505826 0.204009 0.984604 0.637428
threshold=29.000000000000004 8.5000000000000018 2.5000000000000004 14.500000000000002 17.500000000000004 18.500000000000004
decision_type=2 2 2 2 2 2
left_child=1 2 -1 -3 -5 -6
right_child=-2 3 -4 4 5 -7
leaf_value=0.010261832283371028 -0.052187572208142421 0.014142634538368488 -0.051638049061333541 -0.053026390996435593 0.033170830924751468 -0.0036635449611242066
leaf_weight=0.67583686113357433 0.28112258389592248 3.2068886160850507 0.64502544142305851 0.80723879858851422 1.5734827518463133 4.632387138903141
leaf_count=4 7 20 21 15 10 43
internal_value=-0.00027677 0.00098772 -0.0199661 0.00369586 -0.00108115 0.00567572
internal_weight=11.822 11.5409 1.32086 10.22 7.01311 6.20587
internal_count=120 113 25 88 68 53
is_linear=0
shrinkage=0.05


Tree=27
num_leaves=7
num_cat=0
split_feature=3 3 3 3 3 3
split_gain=0.294304 0.240755 0.484274 0.188979 0.249845 0.861459
threshold=29.000000000000004 8.5000000000000018 2.5000000000000004 11.000000000000002 22.500000000000004 20.500000000000004
decision_type=2 2 2 2 2 2
left_child=1 2 -1 -3 5 -5
right_child=-2 3 -4 4 -6 -7
leaf_value=0.0096906283431357019 -0.052076333034223224 0.018514805871333334 -0.051555609390860159 0.0019482975495602583 0.012631260042423967 -0.055783395798847349
leaf_weight=0.67978495359420665 0.26796885952353555 1.7392360568046559 0.61452352814376354 4.9396058693528158 2.8058733567595482 0.7434178590774535
leaf_count=4 7 9 21 47 24 8
internal_value=-0.000275872 0.000928813 -0.0193884 0.00349984 0.000423514 -0.0056038
internal_weight=11.7904 11.5224 1.29431 10.2281 8.4889 5.68302
internal_count=120 113 25 88 79 55
is_linear=0
shrinkage=0.05


Tree=28
num_leaves=7
num_cat=0
split_feature=3 3 3 3 3 3
split_gain=0.279109 0.221216 0.463702 0.177677 0.394962 0.239023
threshold=29.000000000000004 8.5000000000000018 2.5000000000000004 27.500000000000004 26.500000000000004 23.500000000000004
decision_type=2 2 2 2 2 2
left_child=1 2 -1 4 5 -3
right_child=-2 3 -4 -5 -6 -7
leaf_value=0.0091545781534814845 -0.051970973421401459 0.00053613284897609996 -0.051477444977001033 0.031788838954150474 -0.054483965343600727 0.024326897556346358
leaf_weight=0.68351203203201183 0.25540356338024217 8.209366578608746 0.58541807904839516 0.52002395689487535 0.30210277438163835 1.2115678191184986
leaf_count=4 7 71 21 3 4 10
internal_value=-0.000272442 0.000874535 -0.0188179 0.00331407 0.00179113 0.00359572
internal_weight=11.7674 11.512 1.26893 10.2431 9.72304 9.42093
internal_count=120 113 25 88 85 81
is_linear=0
shrinkage=0.05


Tree=29
num_leaves=7
num_cat=0
split_feature=3 3 3 3 3 3
split_gain=0.264757 0.203218 0.444048 0.173319 0.923327 0.56799
threshold=29.000000000000004 8.5000000000000018 2.5000000000000004 14.500000000000002 17.500000000000004 18.500000000000004
decision_type=2 2 2 2 2 2
left_child=1 2 -1 -3 -5 -6
right_child=-2 3 -4 4 5 -7
leaf_value=0.0086511278297248598 -0.051871158601512826 0.012680846179507441 -0.05140331352665644 -0.05287723368528599 0.030701328204652874 -0.0037918498308413006
leaf_weight=0.68703138828277477 0.24340309575200159 3.2511296272277814 0.55764971673488617 0.77178910374641407 1.6076862812042234 4.6322852447628975
leaf_count=4 7 20 21 15 10 43
internal_value=-0.000266946 0.000824564 -0.0182548 0.00313851 -0.00128597 0.00509508
internal_weight=11.751 11.5076 1.24468 10.2629 7.01176 6.23997
internal_count=120 113 25 88 68 53
is_linear=0
shrinkage=0.05


Tree=30
num_leaves=7
num_cat=0
split_feature=3 3 3 3 3 3
split_gain=0.251148 0.188008 0.339513 0.272391 0.338135 0.533155
threshold=29.000000000000004 27.500000000000004 26.500000000000004 23.500000000000004 18.500000000000004 17.500000000000004
decision_type=2 2 2 2 2 2
left_child=1 2 3 4 5 -1
right_child=-2 -3 -4 -5 -6 -7
leaf_value=-0.0040670532098439115 -0.051776568877999474 0.029914904994197619 -0.054230128163224124 0.02295287334743179 -0.017522453559707794 0.028626706806072086
leaf_weight=5.2320530414581246 0.23194448277354318 0.52807666361332017 0.28767493367195207 1.2294979393482197 2.5741333290934563 1.6371968388557432
leaf_count=60 7 3 4 10 26 10
internal_value=-0.000265233 0.000774732 -0.000629234 0.000815515 -0.0020667 0.00372508
internal_weight=11.7206 11.4886 10.9606 10.6729 9.44338 6.86925
internal_count=120 113 110 106 96 70
is_linear=0
shrinkage=0.05


Tree=31
num_leaves=7
num_cat=0
split_feature=3 3 3 3 3 3
split_gain=0.238302 0.182072 0.427008 0.166822 0.215062 0.788799
threshold=29.000000000000004 8.5000000000000018 2.5000000000000004 11.000000000000002 22.500000000000004 20.500000000000004
decision_type=2 2 2 2 2 2
left_child=1 2 -1 -3 5 -5
right_child=-2 3 -4 4 -6 -7
leaf_value=0.0084000885252115149 -0.051686924446182982 0.01690078363049257 -0.051327587499329023 0.0013686893568679716 0.011207399984846479 -0.055357132202357655
leaf_weight=0.68879306316375621 0.22100540250539857 1.7620507925748814 0.52911672368645668 4.9579888172447664 2.8462967649102211 0.69927084445953358
leaf_count=4 7 9 21 47 24 8
internal_value=-0.000259687 0.000730053 -0.0175484 0.00289861 -2.83361e-06 -0.00564296
internal_weight=11.7045 11.4835 1.21791 10.2656 8.50356 5.65726
internal_count=120 113 25 88 79 55
is_linear=0
shrinkage=0.05


Tree=32
num_leaves=7
num_cat=0
split_feature=3 3 3 3 3 3
split_gain=0.22613 0.167151 0.408821 0.152827 0.863431 0.441864
threshold=29.000000000000004 8.5000000000000018 2.5000000000000004 14.500000000000002 17.500000000000004 18.500000000000004
decision_type=2 2 2 2 2 2
left_child=1 2 -1 -3 -5 -6
right_child=-2 3 -4 4 5 -7
leaf_value=0.0079418973523897353 -0.051601950461710011 0.011646565399898475 -0.051261166371069991 -0.052721690662804049 0.026644072539950048 -0.0034148486764454672
leaf_weight=0.69201993942260631 0.21056430228054601 3.2821309864521009 0.50394712015986443 0.73438066989183415 1.6660553216934202 4.5932065546512604
leaf_count=4 7 20 21 15 10 43
internal_value=-0.000255886 0.000686573 -0.0170046 0.0027456 -0.00143164 0.00458607
internal_weight=11.6823 11.4717 1.19597 10.2758 6.99364 6.25926
internal_count=120 113 25 88 68 53
is_linear=0
shrinkage=0.05


Tree=33
num_leaves=7
num_cat=0
split_feature=3 3 3 3 3 3
split_gain=0.214597 0.162512 0.323177 0.233236 0.282554 0.421748
threshold=29.000000000000004 27.500000000000004 26.500000000000004 23.500000000000004 18.500000000000004 17.500000000000004
decision_type=2 2 2 2 2 2
left_child=1 2 3 4 5 -1
right_child=-2 -3 -4 -5 -6 -7
leaf_value=-0.0038369210248166696 -0.051521383495197241 0.027448456915068854 -0.054038185002820129 0.020937234335858174 -0.016359771988272778 0.02491820216167983
leaf_weight=5.1788066439330525 0.20060026831924993 0.53888440132141191 0.27657583355903703 1.2565962970256794 2.5096538886427879 1.6916908323764799
leaf_count=60 7 3 4 10 26 10
internal_value=-0.000253485 0.000644539 -0.000679 0.000708441 -0.00200148 0.00324332
internal_weight=11.6528 11.4522 10.9133 10.6367 9.38015 6.8705
internal_count=120 113 110 106 96 70
is_linear=0
shrinkage=0.05


Tree=34
num_leaves=7
num_cat=0
split_feature=3 3 3 3 3 3
split_gain=0.203701 0.149666 0.392946 0.145881 0.80734 0.3488
threshold=29.000000000000004 8.5000000000000018 2.5000000000000004 14.500000000000002 17.500000000000004 18.500000000000004
decision_type=2 2 2 2 2 2
left_child=1 2 -1 -3 -5 -6
right_child=-2 3 -4 4 5 -7
leaf_value=0.0077188293347188464 -0.051444983766768287 0.011206492472419687 -0.051193559031495542 -0.052572029582105023 0.023333014288406759 -0.0031118421364316603
leaf_weight=0.69359624385833629 0.19109310396015722 3.296406537294386 0.47819219157099724 0.69795487448573101 1.7156496644020078 4.5638145953416824
leaf_count=4 7 20 21 15 10 43
internal_value=-0.00024747 0.000607311 -0.0163226 0.00253826 -0.00155695 0.00411331
internal_weight=11.6367 11.4456 1.17179 10.2738 6.97742 6.27946
internal_count=120 113 25 88 68 53
is_linear=0
shrinkage=0.05


Tree=35
num_leaves=7
num_cat=0
split_feature=3 3 3 3 3 3
split_gain=0.19336 0.155871 0.773005 0.161809 0.376106 0.104831
threshold=29.000000000000004 22.500000000000004 20.500000000000004 8.5000000000000018 2.5000000000000004 11.000000000000002
decision_type=2 2 2 2 2 2
left_child=1 2 3 4 -1 -5
right_child=-2 -3 -4 5 -6 -7
leaf_value=0.007300879541357691 -0.051372525774635386 0.010676427110571018 -0.054953956640440241 0.014843460592257846 -0.051133992441395971 0.00073405487077347724
leaf_weight=0.69655883312225142 0.18202329054474908 2.8600684180855742 0.65616637468338002 1.791315972805023 0.45538700558245182 4.9663471579551697
leaf_count=4 7 24 8 9 21 47
internal_value=-0.000244661 0.000569849 -0.00280469 0.00152152 -0.0157996 0.00447416
internal_weight=11.6079 11.4258 8.56578 7.90961 1.15195 6.75766
internal_count=120 113 89 81 25 56
is_linear=0
shrinkage=0.05


Tree=36
num_leaves=7
num_cat=0
split_feature=3 3 3 3 3 3
split_gain=0.18357 0.140476 0.307818 0.19945 0.236336 0.519339
threshold=29.000000000000004 27.500000000000004 26.500000000000004 23.500000000000004 20.500000000000004 22.500000000000004
decision_type=2 2 2 2 2 2
left_child=1 2 3 4 -1 -6
right_child=-2 -3 -4 -5 5 -7
leaf_value=0.0014420880364545547 -0.051303795098907014 0.025214497130979469 -0.053854808319077456 0.01911173175785974 -0.054689058314248751 0.0063448129088065743
leaf_weight=7.9051294624805397 0.17337201349437315 0.54886677861213762 0.26581746339798051 1.2819784879684437 0.62711149454116799 0.78460954874753952
leaf_count=81 7 3 4 10 8 7
internal_value=-0.000240617 0.000535036 -0.000711736 0.000621086 -0.00192319 -0.0207675
internal_weight=11.5869 11.4135 10.8646 10.5988 9.31685 1.41172
internal_count=120 113 110 106 96 15
is_linear=0
shrinkage=0.05


Tree=37
num_leaves=7
num_cat=0
split_feature=3 3 3 3 3 3
split_gain=0.174298 0.126467 0.359463 0.119687 0.76627 0.305509
threshold=29.000000000000004 8.5000000000000018 2.5000000000000004 14.500000000000002 17.500000000000004 18.500000000000004
decision_type=2 2 2 2 2 2
left_child=1 2 -1 -3 -5 -6
right_child=-2 3 -4 4 5 -7
leaf_value=0.0068297969866928741 -0.051238595324232417 0.010040823888680175 -0.051079018067256114 -0.052445620409117093 0.021738092689530909 -0.0029056927676528459
leaf_weight=0.69991230964660534 0.1651211231946953 3.3322239518165571 0.4342441912740469 0.66685544326901425 1.7401441931724546 4.5354004949331284
leaf_count=4 7 20 21 15 10 43
internal_value=-0.000235661 0.000502512 -0.0153422 0.00225152 -0.0014872 0.00392778
internal_weight=11.5739 11.4088 1.13416 10.2746 6.9424 6.27554
internal_count=120 113 25 88 68 53
is_linear=0
shrinkage=0.05


Tree=38
num_leaves=7
num_cat=0
split_feature=3 3 3 3 3 3
split_gain=0.165502 0.131015 0.689269 0.134681 0.3441 0.088421
threshold=29.000000000000004 22.500000000000004 20.500000000000004 8.5000000000000018 2.5000000000000004 11.000000000000002
decision_type=2 2 2 2 2 2
left_child=1 2 3 4 -1 -5
right_child=-2 -3 -4 5 -6 -7
leaf_value=0.0064634969213504465 -0.051176730499806936 0.0096641602367626301 -0.054426623309605543 0.013361451509981893 -0.051025292442027984 0.00046083116115682647
leaf_weight=0.70253008604049483 0.15725314803421575 2.8914728909730902 0.59773653745651234 1.8124845027923582 0.41348983347415924 4.9713963903486729
leaf_count=4 7 24 8 9 21 47
internal_value=-0.000232633 0.000470769 -0.00265745 0.00125961 -0.0148363 0.00390756
internal_weight=11.5464 11.3891 8.49764 7.8999 1.11602 6.78388
internal_count=120 113 89 81 25 56
is_linear=0
shrinkage=0.05


Tree=39
num_leaves=7
num_cat=0
split_feature=3 3 3 3 3 3
split_gain=0.15717 0.121759 0.293132 0.171006 0.202669 0.301678
threshold=29.000000000000004 27.500000000000004 26.500000000000004 23.500000000000004 18.500000000000004 17.500000000000004
decision_type=2 2 2 2 2 2
left_child=1 2 3 4 5 -1
right_child=-2 -3 -4 -5 -6 -7
leaf_value=-0.0036310482976709365 -0.051118020328765702 0.023219424889395417 -0.053677465964285236 0.017489367488128793 -0.014347115595371111 0.020372276068486687
leaf_weight=5.0964123774319834 0.149751281365753 0.55792535841465074 0.25526705384254533 1.3052253425121296 2.4002128019928932 1.7614200711250303
leaf_count=60 7 3 4 10 26 10
internal_value=-0.000228359 0.000441514 -0.000733171 0.000546256 -0.00184243 0.00253416
internal_weight=11.5262 11.3765 10.8185 10.5633 9.25805 6.85783
internal_count=120 113 110 106 96 70
is_linear=0
shrinkage=0.05


Tree=40
num_leaves=7
num_cat=0
split_feature=3 3 3 3 3 3
split_gain=0.149281 0.113239 0.644189 0.12282 0.691507 0.182115
threshold=29.000000000000004 22.500000000000004 20.500000000000004 17.500000000000004 14.500000000000002 8.5000000000000018
decision_type=2 2 2 2 2 2
left_child=1 2 3 4 5 -1
right_child=-2 -3 -4 -5 -6 -7
leaf_value=-0.014194414125177083 -0.051062305747140935 0.0089173316193441581 -0.054132425094723158 0.0095734260767610449 -0.05231331673926564 0.0092817652855396882
leaf_weight=1.0959499459713677 0.14259932935237962 2.9130650013685218 0.56409156322479237 2.8061691671609879 0.63397474586963642 3.3550305515527725
leaf_count=25 7 24 8 21 15 20
internal_value=-0.000222117 0.000415603 -0.00251349 0.00117646 -0.00345747 0.0035013
internal_weight=11.5109 11.3683 8.45522 7.89112 5.08496 4.45098
internal_count=120 113 89 81 60 45
is_linear=0
shrinkage=0.05


Tree=41
num_leaves=7
num_cat=0
split_feature=3 3 3 3 3 3
split_gain=0.141779 0.103947 0.280292 0.143731 0.610727 0.110527
threshold=29.000000000000004 27.500000000000004 26.500000000000004 22.500000000000004 20.500000000000004 17.500000000000004
decision_type=2 2 2 2 2 2
left_child=1 2 3 4 5 -1
right_child=-2 -3 -4 -5 -6 -7
leaf_value=-0.003309080025242678 -0.051009425290975935 0.021255219550985298 -0.05351649411906019 0.012163297652223702 -0.053914673161486938 0.0090387728989991777
leaf_weight=5.0614482946693844 0.13578175008297044 0.56696373224258501 0.24556383490562517 2.1182384565472594 0.53869283199310292 2.8231011927127838
leaf_count=60 7 3 4 17 8 21
internal_value=-0.000219932 0.000387456 -0.000709348 0.000520795 -0.00240701 0.00111213
internal_weight=11.4898 11.354 10.787 10.5415 8.42324 7.88455
internal_count=120 113 110 106 89 81
is_linear=0
shrinkage=0.05


Tree=42
num_leaves=7
num_cat=0
split_feature=3 3 3 3 3 3
split_gain=0.134677 0.0928553 0.265682 0.131612 0.17595 0.23781
threshold=29.000000000000004 27.500000000000004 26.500000000000004 23.500000000000004 18.500000000000004 17.500000000000004
decision_type=2 2 2 2 2 2
left_child=1 2 3 4 5 -1
right_child=-2 -3 -4 -5 -6 -7
leaf_value=-0.0031502288439816048 -0.050959223810517706 0.01997774420915974 -0.053333251315527054 0.015129264534414747 -0.013443845779663226 0.018021450415564046
leaf_weight=5.0511141214519686 0.12928362749517042 0.57289932668209154 0.23436981439590532 1.3402332365512837 2.3510085195302963 1.7986568808555601
leaf_count=60 7 3 4 10 26 10
internal_value=-0.000215226 0.000362867 -0.000680005 0.000490692 -0.00164164 0.00240917
internal_weight=11.4776 11.3483 10.7754 10.541 9.20078 6.84977
internal_count=120 113 110 106 96 70
is_linear=0
shrinkage=0.05


Tree=43
num_leaves=7
num_cat=0
split_feature=3 3 3 3 3 3
split_gain=0.127949 0.0896628 0.337587 0.107748 0.668427 0.198297
threshold=29.000000000000004 8.5000000000000018 2.5000000000000004 14.500000000000002 17.500000000000004 18.500000000000004
decision_type=2 2 2 2 2 2
left_child=1 2 -1 -3 -5 -6
right_child=-2 3 -4 4 5 -7
leaf_value=0.0074224306240608818 -0.050911574203881954 0.0091265946578199739 -0.050950907308186882 -0.052181273219999172 0.016954480258560153 -0.0026316061155087144
leaf_weight=0.69569599628448375 0.12309059314429838 3.3601549565792066 0.38461407087743282 0.60081738978624333 1.8158012628555296 4.4823744967579842
leaf_count=4 7 20 21 15 10 43
internal_value=-0.000208849 0.000341533 -0.0133598 0.00178431 -0.00179175 0.00301518
internal_weight=11.4625 11.3395 1.08031 10.2591 6.89899 6.29818
internal_count=120 113 25 88 68 53
is_linear=0
shrinkage=0.05


Tree=44
num_leaves=7
num_cat=0
split_feature=3 3 3 3 3 3
split_gain=0.121551 0.0923641 0.568232 0.0944536 0.322445 0.0818373
threshold=29.000000000000004 22.500000000000004 20.500000000000004 8.5000000000000018 2.5000000000000004 11.000000000000002
decision_type=2 2 2 2 2 2
left_child=1 2 3 4 -1 -5
right_child=-2 -3 -4 5 -6 -7
leaf_value=0.0070218052329009467 -0.050866319889486256 0.0079449502050255149 -0.053650048753409653 0.012156705835087352 -0.050903678902828924 -0.00020891759455291125
leaf_weight=0.69854366779327193 0.11718893051147539 2.9393097907304755 0.50724589824676503 1.8297210484743116 0.36618712730705738 4.9789081662893295
leaf_count=4 7 24 8 9 21 47
internal_value=-0.00020583 0.00031863 -0.00235613 0.000948511 -0.0129002 0.00311417
internal_weight=11.4371 11.3199 8.38061 7.87336 1.06473 6.80863
internal_count=120 113 89 81 25 56
is_linear=0
shrinkage=0.05


Tree=45
num_leaves=7
num_cat=0
split_feature=3 3 3 3 3 3
split_gain=0.115485 0.0831591 0.539086 0.0863578 0.307991 0.0794165
threshold=29.000000000000004 22.500000000000004 20.500000000000004 8.5000000000000018 2.5000000000000004 24.500000000000004
decision_type=2 2 2 2 2 2
left_child=1 2 3 4 -1 -3
right_child=-2 5 -4 -5 -6 -7
leaf_value=0.0066444318116426681 -0.05082335234866462 0.016535887276648308 -0.05345938931728092 0.0029541702435786159 -0.050858825068514003 6.545885745215379e-05
leaf_weight=0.70123594999313155 0.1115654185414322 1.3350282013416284 0.48418456315994252 6.8175210990011692 0.34862741455435753 1.619977533817291
leaf_count=4 7 11 8 56 21 13
internal_value=-0.000201764 0.000297735 -0.00225294 0.000898475 -0.0124506 0.00750656
internal_weight=11.4181 11.3066 8.35157 7.86738 1.04986 2.95501
internal_count=120 113 89 81 25 24
is_linear=0
shrinkage=0.05


Tree=46
num_leaves=7
num_cat=0
split_feature=3 3 3 3 3 3
split_gain=0.0635905 0.294187 0.102636 0.615419 0.197025 0.326572
threshold=8.5000000000000018 2.5000000000000004 14.500000000000002 17.500000000000004 18.500000000000004 19.500000000000004
decision_type=2 2 2 2 2 2
left_child=1 -1 -2 -4 -5 -6
right_child=2 -3 3 4 5 -7
leaf_value=0.0062887762015667861 0.0081175750314959726 -0.050816240135683949 -0.052076064757897479 0.015801854163244922 -0.055836053173948547 -0.00017617015435924179
leaf_weight=0.70378184318542547 3.3914296180009824 0.33189554326236248 0.57415053248405445 1.8344816565513609 0.28078966587781895 4.2879474246874452
leaf_count=4 20 21 15 10 3 47
internal_value=-0.000197682 -0.0120112 0.000982303 -0.00248588 0.00196067 -0.00359697
internal_weight=11.4045 1.03568 10.3688 6.97737 6.40322 4.56874
internal_count=120 25 95 75 60 50
is_linear=0
shrinkage=0.05


Tree=47
num_leaves=7
num_cat=0
split_feature=3 3 3 3 3 3
split_gain=0.058242 0.281 0.0924716 0.584333 0.176554 0.30975
threshold=8.5000000000000018 2.5000000000000004 14.500000000000002 17.500000000000004 18.500000000000004 19.500000000000004
decision_type=2 2 2 2 2 2
left_child=1 -1 -2 -4 -5 -6
right_child=2 -3 3 4 5 -7
leaf_value=0.005953425843109243 0.007677596163317266 -0.050775798578041355 -0.051970718754346126 0.014887364720068763 -0.055519122126820669 -0.00016738381051942093
leaf_weight=0.70618993043899603 3.406103774905203 0.31595392338931561 0.54722797125577916 1.8494142591953275 0.26858147978782643 4.2874039988964796
leaf_count=4 20 21 15 10 3 47
internal_value=-0.000195402 -0.0115821 0.000928175 -0.00237838 0.00185841 -0.00343044
internal_weight=11.3809 1.02214 10.3587 6.95263 6.4054 4.55599
internal_count=120 25 95 75 60 50
is_linear=0
shrinkage=0.05


Tree=48
num_leaves=7
num_cat=0
split_feature=3 3 3 3 3 3
split_gain=0.0533232 0.2684 0.0833335 0.55488 0.158296 0.293857
threshold=8.5000000000000018 2.5000000000000004 14.500000000000002 17.500000000000004 18.500000000000004 19.500000000000004
decision_type=2 2 2 2 2 2
left_child=1 -1 -2 -4 -5 -6
right_child=2 -3 3 4 5 -7
leaf_value=0.0056370924122343905 0.0072633658129013547 -0.050737386917380736 -0.051870911098667573 0.01403376661054118 -0.055221051653173425 -0.00015903411634165436
leaf_weight=0.70846801996231146 3.4199705570936185 0.30076645128428936 0.52151564508676518 1.863436698913574 0.25682672113180149 4.2868878394365311
leaf_count=4 20 21 15 10 3 47
internal_value=-0.00019285 -0.0111633 0.000877027 -0.00227525 0.00176163 -0.00327133
internal_weight=11.3579 1.00923 10.3486 6.92867 6.40715 4.54371
internal_count=120 25 95 75 60 50
is_linear=0
shrinkage=0.05


Tree=49
num_leaves=7
num_cat=0
split_feature=3 3 3 3 3 3
split_gain=0.0488016 0.256357 0.0774272 0.0863325 0.454891 0.141996
threshold=8.5000000000000018 2.5000000000000004 11.000000000000002 17.500000000000004 14.500000000000002 18.500000000000004
decision_type=2 2 2 2 2 2
left_child=1 -1 -2 4 -4 -5
right_child=2 -3 3 5 -6 -7
leaf_value=0.0053385625593478708 0.010068179001761719 -0.050700910318919538 0.0030971469705717031 0.013236023449467144 -0.051776337878289294 -0.0031193226485151152
leaf_weight=0.71062368154525835 1.8596016615629185 0.28629854880273342 1.5734764039516433 1.8766103684902189 0.49696426838636387 4.5319143068045378
leaf_count=4 9 21 11 10 15 50
internal_value=-0.000190061 -0.010755 0.000828689 -0.00119771 -0.010074 0.00167002
internal_weight=11.3355 0.996922 10.3386 8.47897 2.07044 6.40852
internal_count=120 25 95 86 26 60
is_linear=0
shrinkage=0.05


end of trees

feature_importances:
global_available_copies=300

parameters:
[boosting: gbdt]
[objective: binary]
[metric: binary_logloss]
[tree_learner: serial]
[device_type: cpu]
[data_sample_strategy: bagging]
[data: ]
[valid: ]
[num_iterations: 50]
[learning_rate: 0.05]
[num_leaves: 7]
[num_threads: 0]
[seed: 0]
[deterministic: 0]
[force_col_wise: 0]
[force_row_wise: 0]
[histogram_pool_size: -1]
[max_depth: -1]
[min_data_in_leaf: 2]
[min_sum_hessian_in_leaf: 0.001]
[bagging_fraction: 1]
[pos_bagging_fraction: 1]
[neg_bagging_fraction: 1]
[bagging_freq: 0]
[bagging_seed: 3]
[bagging_by_query: 0]
[feature_fraction: 1]
[feature_fraction_bynode: 1]
[feature_fraction_seed: 2]
[extra_trees: 0]
[extra_seed: 6]
[early_stopping_round: 0]
[early_stopping_min_delta: 0]
[first_metric_only: 0]
[max_delta_step: 0]
[lambda_l1: 0]
[lambda_l2: 0]
[linear_lambda: 0]
[min_gain_to_split: 0]
[drop_rate: 0.1]
[max_drop: 50]
[skip_drop: 0.5]
[xgboost_dart_mode: 0]
[uniform_drop: 0]
[drop_seed: 4]
[top_rate: 0.2]
[other_rate: 0.1]
[min_data_per_group: 100]
[max_cat_threshold: 32]
[cat_l2: 10]
[cat_smooth: 10]
[max_cat_to_onehot: 4]
[top_k: 20]
[monotone_constraints: ]
[monotone_constraints_method: basic]
[monotone_penalty: 0]
[feature_contri: ]
[forcedsplits_filename: ]
[refit_decay_rate: 0.9]
[cegb_tradeoff: 1]
[cegb_penalty_split: 0]
[cegb_penalty_feature_lazy: ]
[cegb_penalty_feature_coupled: ]
[path_smooth: 0]
[interaction_constraints: ]
[verbosity: -1]
[saved_feature_importance_type: 0]
[use_quantized_grad: 0]
[num_grad_quant_bins: 4]
[quant_train_renew_leaf: 0]
[stochastic_rounding: 1]
[linear_tree: 0]
[max_bin: 255]
[max_bin_by_feature: ]
[min_data_in_bin: 3]
[bin_construct_sample_cnt: 200000]
[data_random_seed: 1]
[is_enable_sparse: 1]
[enable_bundle: 1]
[use_missing: 1]
[zero_as_missing: 0]
[feature_pre_filter: 1]
[pre_partition: 0]
[two_round: 0]
[header: 0]
[label_column: ]
[weight_column: ]
[group_column: ]
[ignore_column: ]
[categorical_feature: ]
[forcedbins_filename: ]
[precise_float_parser: 0]
[parser_config_file: ]
[objective_seed: 5]
[num_class: 1]
[is_unbalance: 0]
[scale_pos_weight: 1]
[sigmoid: 1]
[boost_from_average: 1]
[reg_sqrt: 0]
[alpha: 0.9]
[fair_c: 1]
[poisson_max_delta_step: 0.7]
[tweedie_variance_power: 1.5]
[lambdarank_truncation_level: 30]
[lambdarank_norm: 1]
[label_gain: ]
[lambdarank_position_bias_regularization: 0]
[eval_at: ]
[multi_error_top_k: 1]
[auc_mu_weights: ]
[num_machines: 1]
[local_listen_port: 12400]
[time_out: 120]
[machine_list_filename: ]
[machines: ]
[gpu_platform_id: -1]
[gpu_device_id: -1]
[gpu_device_id_list: ]
[gpu_use_dp: 0]
[num_gpu: 1]

end of parameters

pandas_categorical:[]
